2833657749
2493600089
2341828866
2689909697
2576338917
2670805650
2647173078
2124096282
2657565814
2488959498
2688918567
2124702244
2641820997
2714743710
2128998212
2687837590
2555201331
2714828176
2575314258
2562773435
2731817282
2564004100
2639773231
2648699897
2341811969
2267171384
2692298583
2566338462
2267201418
2638710168
2616845124
2491521486
2618091279
2695468872
2857065208
2140273081
2647871641
2661026659
2380356248
2653164386
2731815380
2384943142
2528882408
2605047301
2648456591
2284454060
2731825935
2550527105
2682199364
2647176594
2574480637
2659237501
2537052609
2190930655
2594620319
2243735116
2647296231
2648764838
2574640057
2239456140
2499319727
2662456178
2682681602
2687883736
2603580150
2312759058
2620666643
2580049798
2647185056
2581832263
2648856977
2658282056
2363567904
2154365212
2231031294
2282005597
2360148030
2693541380
2696013064
2346910088
2145326121
2300799419
2684684372
2691863655
2659772424
2587927996
2201958071
2619982755
2667502766
2644013506
2124583056
2272813642
2125002466
2282282960
2227030079
2625213831
2650720765
2688593345
2650558542
2671648103
2655429848
